2 3 2.0
2 4 3.0
2 5 3.0
2 6 4.0
2 7 4.0
2 8 5.0
2 9 5.0
2 10 6.0
2 11 6.0
2 12 7.0
2 13 7.0
2 14 8.0
2 15 8.0
2 16 9.0
2 17 9.0
2 18 10.0
2 19 10.0
2 20 11.0
2 21 11.0
2 22 12.0
2 23 12.0
2 24 13.0
2 25 13.0
3 3 16.0
3 4 31.0
3 5 56.0
3 6 102.0
3 7 172.0
3 8 272.0
3 9 412.0
3 10 607.0
3 11 872.0
3 12 1223.0
3 13 1673.0
3 14 2248.0
3 15 2973.0
3 16 3873.0
3 17 4978.0
3 18 6324.0
3 19 7944.0
3 20 9879.0
3 21 12174.0
3 22 14879.0
3 23 18044.0
3 24 21725.0
3 25 25980.0
4 3 277.0


4 4 34210.77760448402
4 5 -39489.84858880159
4 6 30937.354392827026
4 7 158908.10094079896
4 8 679408.131997311
4 9 2164738.0504703997
4 10 6758162.910667251
4 11 20715572.126175996
4 12 59845069.486390136
4 13 163772122.1514112
4 14 425854251.13888407
4 15 1056490350.2775872
4 16 2515405110.916489
4 17 5780949215.176646
4 18 12886309573.493279
4 19 27957425958.73182
4 20 59169903835.28508
4 21 122338713593.20189
4 22 247362767926.94867
4 23 489546788334.3027
4 24 949164252857.9795
4 25 1804745956479.4539
